19
20
29
30
31
35
68
69
77
90
91
98
112
119
121
127
159
169
175
188
199
237
251
254
263
265
274
284
285
288
290
302
311
330
333
350
360
379
402
416
419
422
466
491
510
511
544
549
553
554
584
585
612
664
669
702
703
705
707
720
721
722
723
724
725
726
727
734
739
747
757
759
761
763
775
797
798
833
841
853
877
900
901
921
930
938
951
961
970
973
979
989
997
998
1013
1016
1023
1059
1083
1090
1119
1126
1145
1150
1163
1181
1211
1213
1273
1289
1295
1298
1318
1330
1331
1352
1365
1396
1400
1440
1462
1464
1487
1488
1491
1492
1520
1521
1574
1593
1622
1664
1687
1712
1717
1723
1724
1737
1738
1741
1746
1747
1752
1763
1784
1789
1812
1825
1865
1890
1941
1971
1977
1993
2018
2022
2023
2038
2039
2070
2106
2113
2121
2145
2170
2171
2183
2195
2199
2200
2255
2265
2267
2279
2303
2322
2332
2341
2342
2346
2355
2403
2406
2407
2415
2427
2429
2438
2443
2453
2498
2541
2556
2564
2569
2573
2581
2639
2661
2662
2682
2694
2710
2711
2714
2727
2728
2733
2740
2752
2753
2757
2758
2770
2771
2780
2796
2797
2798
2834
2836
2840
2847
2849
2850
2885
2887
2899
2900
2922
2925
2927
2928
2939
2960
2993
2996
3007
3009
3019
3024
3031
3033
3035
3046
3062
3075
3076
3097
3105
3139
3141
3147
3178
3179
3185
3225
3230
3234
3260
3328
3330
3332
3334
3335
3336
3337
3338
3339
3341
3342
3343
3344
3347
3348
3350
3351
3362
3363
3364
3366
3367
3368
3369
3370
3371
3373
3374
3376
3377
3379
3380
3381
3383
3385
3387
3388
3389
3390
3397
3398
3399
3400
3401
3402
3403
3404
3421
3424
3436
3457
3470
3484
3510
3519
3520
3521
3541
3555
3565
3573
3574
3579
3580
3583
3588
3597
3635
3638
3639
3643
3645
3655
3677
3698
3708
3718
3731
3732
3736
3739
3740
3741
3775
3849
3868
3870
3872
3883
3894
3909
3910
3911
3912
3913
3918
3927
3936
3940
3955
3956
3973
3978
3985
3996
4003
4004
4011
4014
4018
4030
4033
4035
4041
4042
4049
4051
4058
4065
4070
4080
4141
4143
4223
4240
4252
4253
4255
4274
4280
4283
4303
4317
4320
4332
4337
4341
4374
4403
4407
4428
4435
4436
4437
4442
4444
4457
4459
4465
4468
4484
4499
4501
4508
4512
4534
4547
4553
4588
4607
4612
4614
4628
4629
4634
4637
4681
4682
4721
4737
4739
4750
4756
4768
4781
4795
4799
4810
4813
4815
4826
4828
4831
4832
4835
4836
4844
4865
4877
4878
4879
4884
4885
4898
4905
4910
4920
4927
4947
4960
5025
5047
5048
5050
5059
5063
5064
5068
5069
5071
5073
5084
5096
5100
5110
5111
5114
5154
5161
5162
5167
5181
5199
5238
5240
5244
5255
5257
5261
5262
5273
5276
5283
5287
5304
5309
5310
5314
5327
5335
5344
5349
5358
5361
5363
5373
5390
5401
5429
5433
5439
5448
5453
5455
5464
5470
5487
5494
5496
5498
5504
5505
5507
5513
5535
5553
5558
5562
5576
5584
5585
5590
5594
5608
5619
5653
5655
5667
5682
5687
5688
5690
5695
5697
5699
5704
5705
5714
5761
5795
5797
5836
5895
5917
5946
6029
6053
6056
6080
6087
6089
6094
6104
6125
6148
6161
6162
6166
6196
6228
6245
6247
6249
6256
6260
6279
6293
6304
6331
6355
6356
6362
6382
6405
6406
6414
6416
6422
6428
6439
6451
6456
6471
6473
6474
6475
6487
6513
6532
6535
6536
6537
6547
6555
6558
6564
6577
6583
6593
6600
6606
6608
6609
6655
6661
6665
6676
6703
6711
6730
6733
6736
6745
6780
6786
6788
6797
6803
6805
6810
6811
6833
6855
6865
6878
6882
6890
6909
6919
6933
6936
6937
6939
6941
6943
6956
6969
6972
6980
6993
7004
7006
7010
7015
7060
7064
7069
7076
7080
7081
7084
7087
7101
7112
7117
7118
7135
7150
7151
7154
7157
7158
7166
7175
7208
7218
7231
7252
7268
7271
7272
7278
7298
7299
7328
7355
7356
7363
7368
7369
7371
7372
7380
7467
7468
7487
7493
7522
7526
7530
7532
7535
7537
7539
7548
7549
7562
7564
7574
7580
7599
7602
7658
7660
7661
7667
7685
7696
7697
7701
7707
7708
7713
7714
7718
7721
7723
7727
7733
7767
7785
7802
7855
7857
7860
7861
7862
7884
7934
7936
7952
7954
7958
7964
7991
7992
7995
7996
8037
8051
8054
8070
8082
8102
8104
8106
8112
8122
8138
8141
8152
8155
8158
8170
8173
8175
8187
8196
8199
8216
8228
8237
8239
8242
8244
8260
8263
8268
8283
8285
8287
8301
8302
8316
8322
8333
8334
8336
8338
8341
8356
8395
8401
8413
8414
8416
8420
8424
8445
8448
8472
8475
8477
8478
8508
8509
8512
8522
8546
8561
8569
8575
8578
8592
8628
8632
8635
8636
8638
8645
8649
8676
8697
8698
8699
8703
8720
8722
8737
8740
8746
8748
8749
8751
8762
8763
8782
8784
8810
8820
8824
8844
8846
8853
8856
8858
8862
8868
8869
8885
8896
8912
8914
8916
8918
8950
8981
8987
8998
9006
9007
9044
9049
9069
9081
9091
9094
9100
9101
9107
9131
9135
9136
9151
9173
9189
9202
9215
9219
9223
9230
9233
9234
9244
9254
9294
9326
9336
9341
9342
9346
9405
9406
9410
9416
9435
9441
9444
9490
9503
9542
9543
9557
9565
9568
9576
9582
9594
9619
9625
9637
9661
9662
9663
9666
9710
9724
9727
9737
9744
9755
9762
9775
9777
9804
9812
9816
9818
9841
9844
9865
9867
9882
9911
9912
9922
9932
9933
9935
9942
9943
9944
9945
9948
9954
9955
9976
9994
9999
10020
10034
10044
10047
10050
10057
10059
10087
10102
10129
10130
10171
10206
10230
10231
10241
10281
10300
10330
10337
10341
10344
10363
10380
10425
10426
10437
10443
10464
10465
10486
10504
10512
10543
10590
10593
10620
10631
10640
10648
10653
10658
10681
10690
10717
10718
10745
10747
10757
10774
10777
10798
10819
10822
10845
10879
10881
10889
10895
10896
10954
10964
10966
10996
11022
11034
11063
11073
11076
11087
11119
11129
11162
11170
11171
11180
11185
11215
11235
11237
11239
11241
11243
11245
11247
11252
11272
11305
11307
11309
11311
11314
11322
11344
11351
11352
11358
11391
11405
11408
11429
11461
11506
11529
11531
11540
11573
11623
11625
11705
11751
11779
11840
11849
11850
11851
11852
11864
11906
11917
11988
11994
12009
12046
12065
12071
12073
12079
12083
12118
12119
12128
12129
12151
12157
12217
12236
12251
12258
12271
12272
12296
12300
12314
12316
12317
12351
12360
12402
12423
12433
12434
12487
12550
12589
12593
12595
12634
12644
12668
12682
12683
12693
12705
12706
12708
12752
12785
12787
12790
12791
12821
12868
12869
12881
12882
12883
12917
12921
12922
12924
12943
12984
12986
13003
13045
13082
13083
13097
13099
13116
13117
13133
13139
13141
13142
13160
13195
13215
13234
13254
13273
13301
13316
13363
13370
13380
13383
13393
13397
13400
13407
13432
13447
13470
13477
13503
13522
13526
13540
13541
13548
13560
13578
13611
13644
13648
13650
13672
13688
13689
13726
13744
13759
13765
13766
13775
13803
13804
13811
13828
13835
13846
13859
13914
13941
13972
14043
14044
14047
14050
14100
14101
14102
14116
14117
14122
14138
14159
14166
14175
14178
14196
14211
14215
14216
14234
14235
14236
14269
14304
14307
14325
14326
14338
14339
14341
14351
14352
14353
14410
14417
14421
14424
14426
14444
14463
14465
14466
14473
14480
14483
14485
14514
14529
14533
14538
14542
14579
14582
14586
14629
14644
14647
14654
14657
14661
14662
14663
14672
14673
14680
14681
14687
14701
14704
14750
14751
14752
14766
14776
14785
14786
14802
14806
14817
14827
14835
14837
14838
14839
14847
14861
14869
14874
14876
14886
14889
14890
14893
14905
14922
14936
14944
14955
14963
14969
14979
14982
14991
14993
14998
15004
15009
15017
15021
15023
15073
15077
15092
15098
15106
15115
15119
15138
15146
15156
15157
15163
15164
15171
15172
15192
15211
15214
15220
15229
15239
15243
15246
15263
15280
15288
15315
15317
15338
15343
15387
15390
15392
15396
15397
15399
15401
15404
15405
15411
15417
15422
15424
15428
15435
15461
15475
15519
15536
15542
15544
15545
15568
15569
15579
15584
15623
15624
15641
15646
15647
15654
15656
15672
15681
15687
15692
15693
15700
15719
15725
15747
15748
15757
15758
15777
15792
15803
15816
15826
15843
15847
15864
15875
15885
15889
15898
15904
15917
15937
15938
15948
15960
15983
15986
15991
16001
16005
16025
16038
16040
16049
16052
16063
16071
16082
16090
16091
16092
16093
16109
16111
16113
16133
16135
16144
16165
16187
16202
16218
16219
16222
16228
16231
16242
16245
16257
16261
16264
16267
16270
16273
16282
16284
16285
16286
16287
16288
16290
16305
16310
16330
16335
16338
16341
16351
16355
16363
16369
16380
16381
16384
16395
16397
16405
16406
16409
16416
16419
16430
16432
16436
16437
16439
16443
16454
16458
16461
16469
16473
16481
16511
16513
16520
16524
16525
16527
16531
16532
16549
16556
16563
16565
16586
16591
16592
16595
16596
16598
16605
16609
16610
16617
16623
16624
16633
16648
16653
16658
16709
16714
16721
16747
16778
16781
16792
16800
16804
16811
16816
16822
16824
16831
16851
16863
16864
16866
16872
16896
16897
16899
16904
16912
16924
16935
16942
16956
16982
16983
16985
16986
16988
17039
17045
17054
17055
17064
17071
17072
17107
17166
17240
17263
17375
17449
17484
17488
17636
17696
17700
17855
17970
18031
18035
18037
18039
18041
18073
18075
18077
18100
18104
18196
18309
18376
18384
18398
18439
18451
18460
18582
18615
18637
18691
18692
18749
18750
18754
18769
18779
18828
18839
18840
18870
18872
18876
18877
18878
18912
18913
18921
18922
18923
18963
18968
18972
18996
18999
19001
19011
19037
19043
19068
19071
19078
19096
19126
19152
19160
19165
19168
19173
19178
19196
19203
19209
19225
19238
19240
19244
19250
19256
19260
19282
19305
19346
19357
19372
19373
19386
19406
19419
19426
19427
19428
19431
19433
19445
19450
19521
19531
19578
19602
19604
19609
19635
19665
19667
19677
19700
19702
19704
19714
19741
19747
19750
19751
19756
19769
19774
19779
19807
19812
19821
19823
19824
19836
19872
19876
19887
19901
19904
19909
19911
19937
19940
19950
19953
19954
19960
19967
19978
19995
20005
20027
20080
20093
20095
20097
20100
20104
20106
20107
20118
20142
20147
20149
20162
20163
20164
20188
20192
20225
20226
20232
20233
20241
20251
20257
20269
20279
20280
20283
20287
20290
20296
20308
20350
20363
20366
20367
20378
20381
20387
20399
20414
20415
20428
20436
20437
20474
20476
20496
20505
20520
20542
20544
20549
20550
20552
20563
20570
20571
20573
20576
20578
20612
20633
20641
20644
20645
20652
20653
20664
20670
20677
20682
20685
20687
20690
20694
20700
20711
20713
20723
20726
20729
20730
20736
20737
20738
20741
20743
20747
20748
20749
20750
20751
20752
20754
20768
20771
20776
20792
20799
20808
20823
20826
20847
20848
20850
20852
20872
20873
20876
20878
20882
20885
20896
20906
20930
20934
20935
20991
20995
21001
21007
21073
21102
21147
21154
21181
21184
21245
21254
21260
21277
21304
21306
21360
21365
21368
21488
21507
21511
21517
21623
21624
21627
21651
21689
21692
21705
21727
21758
21759
21775
21778
21786
21790
21806
21813
21817
21818
21819
21823
21831
21834
21836
21838
21839
21843
21844
21848
21850
21852
21854
21855
21857
21858
21860
21861
21862
21863
21864
21865
21880
21885
21908
21913
21955
21972
21980
22001
22012
22072
22116
22143
22167
22184
22208
22217
22221
22230
22245
22248
22253
22265
22288
22316
22345
22365
22366
22368
22377
22401
22406
22408
22427
22453
22468
22476
22504
22514
22548
22551
22558
22629
22642
22648
22681
22698
22707
22710
22789
22826
22829
22835
22933
22979
22981
22992
22994
23006
23011
23029
23030
23033
23098
23112
23140
23176
23200
23204
23206
23220
23244
23245
23260
23285
23337
23339
23343
23345
23367
23372
23374
23375
23377
23379
23380
23382
23385
23386
23389
23393
23399
23413
23445
23460
23464
23509
23517
23542
23571
23579
23581
23621
23657
23707
23733
23742
23748
23750
23766
23784
23849
23882
23890
23913
23918
23932
23941
23942
23962
23966
23968
23976
23983
23985
24054
24068
24074
24083
24093
24199
24223
24242
24246
24248
24250
24252
24288
24291
24341
24343
24347
24370
24378
24390
24392
24395
24396
24398
24399
24402
24411
24422
24426
24429
24436
24437
24440
24443
24444
24445
24448
24450
24451
24457
24460
24467
24494
24531
24536
24564
24567
24607
24624
24632
24656
24671
24683
24690
24782
24786
24794
24829
24892
24902
24905
24944
24982
25040
25048
25049
25073
25083
25105
25118
25125
25133
25174
25175
25179
25184
25186
25189
25190
25202
25211
25221
25237
25240
25252
25254
25255
25267
25269
25275
25284
25342
25354
25393
25395
25398
25420
25433
25434
25447
25448
25455
25456
25485
25510
25512
25528
25529
25532
25546
25552
25577
25591
25646
25661
25663
25664
25680
25690
25701
25702
25703
25749
25774
25781
25791
25802
25821
25822
25841
25842
25848
25870
25871
25907
25910
25951
25953
25983
26030
26040
26043
26071
26090
26117
26198
26212
26213
26214
26249
26276
26285
26295
26315
26325
26393
26412
26435
26455
26477
26486
26488
26495
26497
26504
26509
26510
26518
26551
26553
26572
26581
26588
26595
26622
26633
26649
26688
26763
26799
26827
26852
26883
26885
26893
26894
26902
26954
27001
27006
27073
27075
27086
27108
27129
27139
27153
27160
27169
27170
27172
27175
27184
27190
27195
27232
27273
27289
27300
27309
27316
27323
27363
27394
27415
27420
27429
27444
27445
27454
27461
27466
27481
27482
27485
27487
27489
27490
27492
27493
27494
27501
27506
27508
27512
27514
27515
27516
27517
27521
27528
27537
27581
27590
27594
27600
27607
27610
27622
27626
27627
27629
27631
27632
27633
27634
27635
27636
27637
27638
27639
27640
27641
27642
27643
27644
27645
27649
27694
27772
27848
27883
27933
27941
27962
28163
28180
28213
28222
28265
28277
28299
28353
28376
28397
28406
28416
28510
28515
28526
28533
28573
28582
28594
28596
28606
28699
28706
28812
28844
28866
28921
28963
29035
29045
29073
29104
29131
29144
29148
29151
29156
29158
29165
29166
29191
29193
29196
29223
29232
29243
29257
29282
29284
29287
29294
29304
29312
29317
29349
29358
29368
29423
29437
29442
29446
29463
29490
29523
29524
29547
29550
29551
29566
29647
29663
29726
29733
29777
29795
29805
29833
29933
29949
29972
29992
30022
30034
30067
30074
30076
30096
30117
30131
30145
30153
30175
30191
30207
30223
30225
30238
30251
30296
30298
30305
30311
30343
30389
30399
30401
30472
30474
30483
30518
30538
30539
30543
30594
30598
30603
30606
30612
30627
30653
30661
30691
30711
30724
30725
30727
30750
30756
30828
30833
30841
30845
30846
30863
30868
30886
30891
30892
30900
30984
31009
31010
31030
31031
31041
31045
31068
31130
31137
31138
31147
31153
31160
31183
31205
31214
31227
31241
31246
31271
31281
31329
31341
31358
31374
31408
31409
31426
31430
31451
31455
31499
31523
31535
31539
31540
31554
31557
31559
31560
31563
31610
31657
31659
31661
31664
31669
31684
31715
31734
31748
31769
31776
31807
31812
31825
31874
32019
32030
32053
32063
32064
32083
32087
32157
32194
32212
32234
32242
32249
32266
32272
32276
32289
32292
32298
32307
32350
32425
32427
32433
32455
32467
32491
32502
32510
32577
32611
32634
32647
32654
32672
32680
32702
32766
32798
32812
32820
32822
32847
32866
32869
32885
32887
32904
32909
32910
32920
32930
32932
32938
33015
33047
33060
33068
33076
33077
33095
33166
33178
33236
33272
33285
33298
33310
33342
33357
33392
33545
33568
33575
33604
33620
33687
33711
33743
33761
33767
33776
33778
33785
33824
33832
33846
33849
33852
33856
33870
33880
33901
33911
33971
33978
33999
34030
34092
34093
34143
34175
34200
34219
34225
34234
34261
34306
34307
34409
34438
34443
34450
34478
34486
34493
34541
34593
34597
34600
34608
34615
34708
34711
34715
34733
34752
34753
34757
34758
34766
34795
34811
34863
34886
34919
34964
35001
35036
35038
35041
35045
35047
35059
35060
35068
35079
35116
35122
35124
35155
35156
35226
35265
35267
35311
35322
35376
35380
35454
35495
35497
35502
35548
35552
35560
35604
35614
35626
35647
35662
35669
35671
35674
35681
35704
35796
35836
35903
35957
35958
36022
36025
36113
36121
36128
36143
36157
36169
36171
36177
36186
36196
36206
36226
36254
36257
36258
36260
36292
36301
36325
36348
36352
36447
36535
36546
36552
36555
36562
36571
36572
36599
36612
36634
36639
36640
36643
36753
36793
36942
36977
36991
37024
37027
37063
37087
37135
37137
37138
37141
37153
37156
37279
37282
37285
37289
37326
37353
37355
37381
37384
37429
37430
37467
37469
37477
37481
37504
37512
37532
37547
37573
37578
37579
37580
37587
37597
37598
37630
37636
37704
37733
37739
37791
37805
37806
37823
37830
37845
37913
37917
37930
37933
37934
37944
37948
37959
37965
37966
37976
37981
37990
37992
37994
38007
38043
38046
38048
38065
38081
38082
38096
38160
38164
38166
38174
38201
38237
38254
38269
38336
38356
38366
38479
38516
38580
38626
38640
38655
38698
38744
38745
38746
38752
38792
38804
38875
38885
38911
38924
38934
38949
38965
38970
39033
39084
39085
39116
39133
39144
39175
39197
39200
39223
39257
39266
39272
39278
39296
39324
39325
39353
39373
39383
39384
39388
39402
39420
39425
39430
39434
39436
39478
39522
39535
39568
39590
39601
39608
39624
39730
39767
39789
39799
39821
39837
39869
39887
39902
39907
39918
39933
39943
39977
39981
39983
39984
39986
40034
40037
40046
40074
40075
40080
40217
40234
40289
40308
40325
40354
40378
40380
40434
40436
40464
40466
40512
40583
40667
40701
40756
40789
40820
40889
40969
40997
41002
41031
41053
41102
41107
41110
41132
41135
41158
41177
41179
41184
41197
41204
41215
41221
41235
41253
41257
41261
41318
41355
41363
41367
41371
41384
41388
41422
41445
41466
41468
41469
41471
41479
41505
41512
41521
41536
41541
41566
41581
41587
41589
41590
41593
41597
41619
41625
41637
41672
41676
41681
41734
41749
41767
41782
41784
41830
41836
41880
41940
41942
41951
41952
41970
42012
42033
42034
42039
42046
42047
42051
42057
42111
42118
42128
42133
42140
42193
42233
42260
42278
42306
42311
42321
42340
42345
42365
42393
42403
42442
42445
42461
42467
42489
42512
42585
42612
42636
42655
42684
42693
42703
42717
42727
42729
42749
42763
42804
42806
42809
42810
42881
42886
42964
42966
42991
43032
43037
43040
43059
43104
43157
43158
43164
43165
43176
43177
43186
43222
43229
43267
43351
43366
43367
43403
43410
43515
43530
43554
43555
43566
43568
43570
43572
43584
43618
43656
43659
43669
43691
43720
43807
43813
43820
43887
43892
43920
43921
43923
43962
44003
44020
44028
44029
44032
44034
44035
44037
44040
44059
44062
44067
44087
44096
44097
44124
44126
44135
44162
44164
44165
44187
44190
44198
44205
44245
44268
44326
44335
44344
44396
44397
44401
44423
44432
44448
44475
44501
44513
44514
44533
44538
44546
44562
44568
44571
44577
44610
44617
44635
44732
44735
44742
44751
44755
44764
44813
44826
44861
44869
44890
44896
44929
44948
44984
44992
45032
45039
45074
45092
45183
45226
45244
45265
45266
45269
45288
45318
45331
45340
45371
45400
45412
45437
45448
45515
45537
45572
45574
45580
45590
45614
45615
45646
45669
45674
45675
45680
45711
45743
45749
45750
45768
45790
45791
45847
45870
45873
45888
45889
45899
45956
45970
45971
45972
45973
45974
45976
45992
46001
46002
46021
46022
46024
46027
46041
46059
46089
46095
46096
46116
46133
46137
46146
46155
46156
46169
46178
46180
46185
46190
46200
46228
46244
46245
46278
46282
46300
46313
46315
46329
46336
46361
46400
46408
46425
46439
46451
46457
46506
46508
46509
46570
46637
46692
46711
46712
46713
46715
46723
46739
46753
46803
46854
46856
46873
46898
46951
46974
46976
46997
47019
47034
47053
47081
47101
47106
47125
47129
47130
47131
47162
47171
47173
47178
47180
47201
47207
47218
47223
47225
47239
47260
47276
47292
47293
47312
47366
47415
47417
47418
47420
47444
47484
47485
47486
47487
47488
47504
47513
47525
47528
47536
47537
47571
47574
47595
47596
47608
47666
47668
47683
47694
47705
47776
47788
47809
47817
47829
47832
47844
47860
47867
47894
47904
47918
47919
47924
47926
47934
47949
47955
47971
47976
47996
48015
48018
48024
48028
48033
48059
48060
48071
48079
48101
48125
48130
48133
48143
48169
48186
48246
48305
48309
48330
48339
48390
48401
48446
48456
48457
48470
48474
48480
48481
48513
48525
48543
48547
48548
48561
48568
48573
48581
48608
48611
48614
48636
48641
48654
48672
48680
48681
48705
48746
48751
48771
48778
48788
48793
48825
48843
48844
48845
48850
48901
48921
48968
48978
48990
49002
49028
49065
49095
49108
49114
49144
49161
49175
49182
49199
49205
49226
49230
49242
49252
49253
49263
49282
49295
49303
49333
49336
49365
49383
49392
49417
49422
49441
49442
49444
49467
49469
49486
49498
49499
49523
49573
49591
49598
49686
49691
49707
49711
49723
49729
49733
49734
49761
49797
49798
49826
49869
49899
49910
49916
49920
49926
49944
49958
50060
50111
50130
50152
50171
50183
50208
50217
50246
50283
50286
50295
50300
50301
50303
50321
50325
50335
50349
50351
50352
50353
50386
50404
50405
50415
50424
50430
50442
50445
50447
50474
50477
50479
50508
50512
50519
50529
50540
50558
50564
50572
50610
50619
50631
50636
50679
50696
50704
50712
50740
50753
50754
50758
50801
50802
50821
50824
50838
50839
50848
50869
50896
50904
50912
50913
50926
50931
50933
50935
50972
50975
50976
50977
50990
50991
51002
51015
51028
51041
51045
51080
51088
51090
51115
51116
51152
51156
51158
51163
51168
51170
51172
51173
51182
51184
51196
51200
51201
51203
51204
51205
51207
51208
51216
51219
51221
51230
51238
51244
51252
51259
51266
51267
51276
51277
51286
51291
51300
51302
51303
51310
51311
51327
51330
51343
51349
51368
51370
51377
51400
51404
51409
51414
51419
51430
51442
51449
51495
51544
51580
51594
51616
51684
51719
51743
51757
51768
51777
51805
51815
51816
51830
51852
51853
51857
51858
51864
51890
51926
51931
51932
51938
51939
51942
51956
51979
51986
52024
52039
52044
52050
52059
52061
52065
52070
52105
52107
52108
52129
52144
52148
52151
52152
52167
52186
52220
52223
52227
52235
52238
52252
52268
52274
52275
52280
52291
52307
52315
52318
52323
52326
52332
52351
52359
52371
52377
52380
52389
52401
52418
52419
52425
52426
52430
52431
52434
52441
52443
52469
52485
52486
52487
52488
52494
52501
52507
52543
52551
52575
52580
52586
52588
52598
52605
52610
52616
52618
52624
52625
52638
52665
52670
52672
52678
52679
52690
52691
52704
52710
52711
52720
52747
52754
52759
52767
52770
52799
52819
52831
52841
52847
52892
52893
52920
52946
52955
52956
52973
52988
52989
53002
53019
53025
53028
53052
53053
53055
53067
53069
53089
53093
53096
53103
53105
53107
53110
53124
53140
53141
53157
53159
53160
53161
53165
53168
53182
53184
53191
53207
53209
53220
53229
53238
53240
53252
53256
53261
53273
53279
53286
53296
53299
53306
53313
53316
53320
53323
53342
53347
53351
53354
53378
53384
53386
53393
53397
53399
53400
53403
53418
53428
53433
53438
53439
53463
53464
53466
53493
53495
53497
53500
53533
53539
53548
53550
53559
53568
53570
53578
53579
53582
53585
53591
53603
53610
53611
53613
53614
53615
53626
53632
53641
53646
53652
53664
53667
53678
53701
53707
53708
53731
53732
53735
53739
53745
53750
53752
53754
53795
53803
53809
53812
53822
53862
53863
53880
53890
53891
53896
53903
53906
53910
53914
53922
53923
53927
53931
53947
53964
53976
53995
54002
54006
54012
54018
54025
54038
54040
54041
54047
54048
54049
54050
54054
54055
54056
54060
54063
54069
54076
54079
54090
54094
54105
54107
54111
54120
54121
54135
54142
54143
54150
54160
54162
54164
54173
54175
54186
54188
54191
54194
54198
54210
54220
54221
54227
54234
54238
54243
54247
54252
54258
54261
54266
54269
54272
54273
54280
54282
54284
54289
54297
54304
54306
54307
54319
54321
54332
54335
54339
54340
54341
54342
54347
54348
54363
54364
54371
54373
54405
54410
54415
54422
54425
54438
54440
54451
54469
54471
54473
54478
54497
54506
54507
54510
54519
54540
54553
54554
54556
54558
54572
54580
54589
54596
54598
54614
54635
54650
54665
54669
54673
54674
54678
54682
54702
54723
54728
54738
54744
54775
54777
54796
54806
54807
54821
54832
54865
54872
54880
54888
54897
54901
54908
54930
54931
54934
54945
54964
54966
54972
54980
54982
54983
54998
55027
55032
55038
55043
55044
55049
55053
55055
55063
55065
55089
55104
55111
55120
55133
55144
55155
55156
55162
55167
55191
55198
55207
55217
55229
55230
55238
55245
55262
55263
55267
55277
55287
55291
55292
55293
55300
55302
55309
55312
55323
55338
55347
55354
55378
55394
55395
55414
55417
55432
55433
55438
55443
55450
55457
55483
55484
55485
55505
55511
55513
55526
55527
55528
55540
55542
55544
55554
55560
55566
55570
55585
55586
55602
55603
55605
55645
55648
55653
55677
55689
55695
55696
55697
55698
55699
55711
55715
55716
55722
55723
55734
55739
55743
55777
55786
55810
55811
55826
55830
55836
55845
55865
55886
55888
55889
55900
55902
55910
55914
55932
55934
55939
55956
55957
55974
55980
55993
55996
56009
56014
56020
56024
56042
56049
56051
56053
56056
56058
56064
56066
56068
56077
56081
56083
56088
56090
56098
56102
56104
56105
56110
56112
56125
56144
56153
56164
56175
56192
56196
56201
56207
56223
56224
56231
56236
56252
56271
56273
56279
56289
56294
56295
56296
56297
56333
56336
56344
56345
56346
56355
56357
56367
56376
56377
56378
56382
56393
56399
56404
56407
56411
56413
56416
56418
56425
56427
56459
56479
56497
56515
56534
56551
56552
56593
56604
56624
56629
56640
56647
56648
56649
56677
56683
56703
56726
56731
56747
56748
56755
56763
56777
56779
56782
56784
56789
56790
56793
56811
56812
56816
56817
56818
56861
56885
56904
56908
56909
56910
56913
56921
56940
56954
56968
56974
56990
57024
57025
57040
57053
57062
57081
57087
57093
57097
57119
57124
57153
57156
57158
57164
57165
57168
57175
57176
57182
57189
57191
57200
57204
57208
57211
57227
57229
57230
57262
57266
57279
57281
57285
57289
57308
57310
57312
57321
57327
57341
57351
57356
57358
57361
57383
57389
57397
57403
57411
57416
57425
57434
57436
57443
57444
57446
57474
57479
57509
57510
57511
57512
57520
57532
57537
57544
57545
57553
57588
57610
57629
57631
57634
57642
57644
57645
57651
57654
57659
57664
57670
57704
57706
57712
57727
57740
57748
57751
57763
57764
57774
57775
57790
57800
57807
57811
57815
57816
57825
57831
57836
57840
57862
57864
57868
57873
57884
57890
57897
57902
57906
57907
57916
57917
57927
57934
57935
57940
57943
57954
57957
57961
57975
57992
57999
58001
58009
58012
58013
58028
58043
58049
58050
58059
58063
58065
58087
58094
58105
58106
58114
58131
58144
58151
58153
58158
58166
58171
58176
58178
58191
58195
58196
58198
58202
58215
58225
58231
58273
58291
58292
58293
58301
58302
58308
58320
58330
58331
58334
58343
58344
58345
58346
58373
58374
58375
58406
58412
58416
58433
58440
58448
58455
58457
58464
58468
58469
58480
58487
58489
58496
58499
58500
58509
58521
58529
58535
58536
58542
58545
58549
58556
58564
58596
58603
58627
58640
58643
58660
58674
58682
58690
58692
58718
58728
58731
58747
58764
58780
58825
58826
58848
58852
58886
58888
58900
58918
58920
58924
58928
58936
58943
58971
58979
58983
58985
58987
59019
59045
59051
59063
59071
59077
59081
59105
59113
59116
